id: 0
lat: 32.117792
lon: 118.968385
city: 南京市
name: 南京大学 地球科学科学与工程学院

id: 1
lat: 32.043697
lon: 118.85216
city: 南京市
name: 江苏省地震局


